x values: [ 0.   0.1  0.2  0.3  0.4  0.5  0.6  0.7  0.8  0.9  1.   1.1  1.2  1.3
  1.4  1.5  1.6  1.7  1.8  1.9  2.   2.1  2.2  2.3  2.4  2.5  2.6  2.7
  2.8  2.9  3.   3.1  3.2  3.3  3.4  3.5  3.6  3.7  3.8  3.9  4.   4.1
  4.2  4.3  4.4  4.5  4.6  4.7  4.8  4.9  5.   5.1  5.2  5.3  5.4  5.5
  5.6  5.7  5.8  5.9  6.   6.1  6.2  6.3  6.4  6.5  6.6  6.7  6.8  6.9
  7.   7.1  7.2  7.3  7.4  7.5  7.6  7.7  7.8  7.9  8.   8.1  8.2  8.3
  8.4  8.5  8.6  8.7  8.8  8.9  9.   9.1  9.2  9.3  9.4  9.5  9.6  9.7
  9.8  9.9 10. ]
y values: [ 40.          41.27006674  42.5422605   43.81670851  45.09353821
  46.37287728  47.65485367  48.93959556  50.22723143  51.51789006
  52.81170049  54.10879213  55.40929467  56.71333818  58.02105304
  59.33257005  60.64802034  61.96753547  63.29124739  64.61928847
  65.95179152  67.28888978  68.63071697  69.97740727  71.32909536
  72.6859164   74.04800607  75.41550059  76.78853671  78.16725172
  79.55178351  80.94227053  82.33885183  83.74166706  85.15085651
  86.5665611   87.98892241  89.41808266  90.85418478  92.29737238
  93.74778977  95.20558201  96.67089486  98.14387487  99.62466933
 101.11342633 102.61029473 104.11542424 105.62896535 107.15106944
 108.6818887  110.22157623 111.77028599 113.32817285 114.89539261
 116.47210199 118.05845866 119.65462125 121.26074939 122.87700369
 124.50354578 126.14053831 127.78814498 129.44653055 131.11586087
 132.79630287 134.48802459 136.19119521 137.90598505 139.63256558
 141.37110947 143.12179057 144.88478395 146.66026592 148.44841401
 150.24940706 152.06342516 153.8906497  155.73126343 157.58545039
 159.45339601 161.33528709 163.23131182 165.1416598  167.06652206
 169.0060911  170.96056087 172.93012682 174.91498591 176.91533663
 178.93137902 180.96331467 183.0113468  185.07568019 187.15652128
 189.25407817 191.36856061 193.50018005 195.64914965 197.81568431
 200.00000068]
