[[0.00000000e+00 0.00000000e+00 0.00000000e+00 ... 0.00000000e+00
  0.00000000e+00 0.00000000e+00]
 [0.00000000e+00 0.00000000e+00 0.00000000e+00 ... 0.00000000e+00
  0.00000000e+00 0.00000000e+00]
 [0.00000000e+00 0.00000000e+00 0.00000000e+00 ... 0.00000000e+00
  0.00000000e+00 0.00000000e+00]
 ...
 [0.00000000e+00 0.00000000e+00 1.31858005e-20 ... 1.31858005e-20
  0.00000000e+00 0.00000000e+00]
 [0.00000000e+00 6.59290024e-21 0.00000000e+00 ... 0.00000000e+00
  6.59290024e-21 0.00000000e+00]
 [0.00000000e+00 0.00000000e+00 1.19266686e-20 ... 1.19266686e-20
  0.00000000e+00 0.00000000e+00]]
